0000001101000011101100100101010
0000001101010011101100100100010
0000001101010011101100100100011
0000001101010011101100100101010
0000001101010011111100100100010
0000001101010011111100100101010
0000001111010011101100100100010
0000001111010011101100100101010
0000001111010011111100100100010
0000001111010011111100100101010
0000001111010011111110100100010
0000001111010011111110110100010
0000010100010011100101100101010
0000010100010011101100100001110
0000010100010011101100100101010
0000010100010111001100100001110
0000010100010111001100100101010
0000010100011010101100100101010
1000010100010011101100100001010
1000010100010011101100100101010
1000010100011011100100100101010
0000010101010010101100100101010
0000010101010011100000100001010
0000010101010011100100000001010
0000010101010011100100000101110
0000010101010011100100100001010
0000010101010011100100100001110
0000010101010011100100100100010
0000010101010011100100100101010
0000010101010011100100100101011
0000010101010011100101100101010
0000010101010011101000100001010
0000010101010011101100000001010
0000010101010011101100000101110
0000010101010011101100100001010
0000010101010011101100100001110
0000010101010011101100100101010
0000010101010111000100000001010
0000010101010111000100100001010
0000010101010111001100100001110
0000010101010111100100100001000
0000010101010111100100100001010
0000010101010111101100100001010
0000010101011010100100100101010
0000010101011011100100100101010
0000010101011011101100100101010
1000010101010011100100100001010
1000010101010011100100100101010
1000010101010011100100100101110
1000010101010011101000000001110
1000010101010011101000100101110
1000010101010011101100100001010
1000010101010011101100100001110
1000010101010011101100100101010
1000010101010011101100100101110
1000010101010111001100100101110
1000010101011010100100100101010
1000010101011010100101100101010
1000010101011011100100100001110
1000010101011011100100100101010
1000010101011011100100100101110
1000010101011011101100100101010
1000010101011111000100100001110
0000010101110111100100000001010
0000010101110111101100000001010
0000011001000001101100110111010
0000011001010011001100100101010
0000011001010011101000100101000
0000011001010011101000100101010
0000011001010011101000100111010
0000011001010011101000110111010
0000011001010011101100100101000
0000011001010011101100100101010
0000011001010011101100100111000
0000011001010011101100100111010
0000011001010011101100110101000
0000011001010011101100110101010
0000011001010011101100110111000
0000011001010011101100110111010
0000011001010011101110100101000
0000011001010011101110100101010
0000011001010011101110100111010
0000011001010011101110110111000
0000011001010011101110110111010
0000011001010011111110100101000
0000011001010011111110100111010
0100011001000101101000100011000
0100011001000101101100100101010
0100011001000101101100100111000
0100011001000101111110110110000
0100011001000101111110110111000
0000011001010111001100100101010
0000011001010111101000000101000
0000011001010111101000100001000
0000011001010111101000100001010
0000011001010111101000100011010
0000011001010111101000100101000
0000011001010111101000100101010
0000011001010111101000100111010
0000011001010111101100100101000
0000011001010111101100100101010
0000011001010111101100100111010
0000011001010111101100110101010
0000011001010111101110100101010
0100011001010011101000000101010
0100011001010011101000100001010
0100011001010011101000100101000
0100011001010011101000100101010
0100011001010011101000100111000
0100011001010011101100100101000
0100011001010011101100100101010
0100011001010011101100100111000
0100011001010011101100100111010
0100011001010011101100110101000
0100011001010011101100110111010
0100011001010011101110100101000
0100011001010011101110110111000
0100011001010011111100100101000
0100011001010111001000000101010
0100011001010111001100000001000
0100011001010111001100000001010
0100011001010111001100000101000
0100011001010111001100000101010
0100011001010111001100000111000
0100011001010111001100010101000
0100011001010111001100100101000
0100011001010111001100100101010
0100011001010111001100100111000
0100011001010111001100110101000
0100011001010111001110010111000
0100011001010111001110110111000
0100011001010111101000000001010
0100011001010111101000000001110
0100011001010111101000000011000
0100011001010111101000000101010
0100011001010111101000000111000
0100011001010111101000100001000
0100011001010111101000100001010
0100011001010111101000100011000
0100011001010111101000100101000
0100011001010111101000100101010
0100011001010111101000100111000
0100011001010111101000110001000
0100011001010111101000110011000
0100011001010111101000110101000
0100011001010111101010110011000
0100011001010111101010110111000
0100011001010111101100000001010
0100011001010111101100000101010
0100011001010111101100000101110
0100011001010111101100100001000
0100011001010111101100100001010
0100011001010111101100100001100
0100011001010111101100100001110
0100011001010111101100100011000
0100011001010111101100100011100
0100011001010111101100100101000
0100011001010111101100100101010
0100011001010111101100100111000
0100011001010111101100100111010
0100011001010111101100110001000
0100011001010111101100110001100
0100011001010111101100110101000
0100011001010111101100110111000
0100011001010111101100110111010
0100011001010111101110100101000
0100011001010111101110100111010
0100011001010111101110110011000
0100011001010111101110110011100
0100011001010111101110110111000
0100011001010111111100110111000
0000011001110011001100100101010
0000011001110011001100110101000
0000011001110011101000000101000
0000011001110011101000000101010
0000011001110011101000010101000
0000011001110011101100000101010
0000011001110011101100100101000
0000011001110011101100100101010
0000011001110011101100110101000
0000011001110111001100100101000
0000011001110111001100100101010
0000011001110111101100100101000
0000011001110111101100100101010
0000011001110111101100110101010
0100011001110111001100100101000
0100011001110111001100100101010
0100011001110111001100100111000
0100011001110111001100100111010
0100011001110111101100000001010
0100011001110111101100100101000
0100011001110111101100100101010
0100011001110111101100100111000
0100011001110111101100110101000
0000011011010011101110110111010
0000011100010010100100100101010
0000011100010010101100100001010
0000011100010010101100100101010
0000011100010010101101100101010
0000011100010011001100100101010
0000011100010011100100100101010
0000011100010011101000100101010
0000011100010011101100100001010
0000011100010011101100100001110
0000011100010011101100100100010
0000011100010011101100100101010
0000011100010011101100101100010
0000011100010011101101100001110
0000011100010011101101100100010
0000011100010011101101100101010
0000011100010011101101101100010
0000011100010111001100100001110
0000011100010111001100100101010
0000011100010111001101100001110
0000011100010111101100100001010
0000011100010111101100100001110
0000011100011010100000100001010
0000011100011010100100000101010
0000011100011010100100100001010
0000011100011010100100100001110
0000011100011010100100100101010
0000011100011010101100100001010
0000011100011010101100100101010
0000011100011011101100100101010
0000011100011110000100100001010
0000011100011110000100100001110
0000011100011110100100100001000
0000011100011110100100100001010
1000011100010011101100100001010
1000011100010011101100100101010
1000011100011010100100100101010
1000011100011011101100100001010
1000011100011011101100100101010
1000011100011011101101101000010
1000011100011011101101101100010
0100011100011110100100100001000
0000011101000001101100100100010
0000011101000001101100100101010
0000011101000001101100100101011
0000011101000001101100100111010
0000011101000001101110100101010
0000011101000001111100100100010
0000011101000001111100100101010
0000011101000011101100100100010
0000011101000011101100100100011
0000011101000011101100100101000
0000011101000011101100100101010
0000011101000011101100100101011
0000011101000011101100100111010
0000011101000011101100101100010
0000011101000011101100110101010
0000011101000011101110100101010
0000011101000011101110100111010
0000011101000011101110110101010
0000011101000011101110110111000
0000011101000011101110110111010
0000011101000011111100100100010
0000011101000011111100100101000
0000011101000011111100100101010
0000011101000011111100100101011
0000011101000011111100110101010
0000011101000011111110110101010
0000011101000101101100100101010
0000011101000111001100100101010
0000011101000111101100100101010
0000011101001011100100100101010
0000011101001011101100101101010
0000011101001011111100101101010
0100011101000001101100100101010
0000011101010001101100100101010
0000011101010001101100100111010
0000011101010001101110100100010
0000011101010001101110100101010
0000011101010001111100100100010
0000011101010001111100100101000
0000011101010001111100100101010
0000011101010001111100100101011
0000011101010001111100100111000
0000011101010001111110110101010
0000011101010010100100100101010
0100011101000011101100100111010
0000011101010010101100100100010
0000011101010010101100100101010
0000011101010010101100101101010
0000011101010010101101100001110
0000011101010010101101100101010
0000011101010011001000000001010
0000011101010011001000000001110
0000011101010011001000000101010
0000011101010011001000000101110
0000011101010011001000100001010
0000011101010011001000100001110
0000011101010011001000100101010
0000011101010011001100000001010
0000011101010011001100000101010
0000011101010011001100100101010
0000011101010011001100100101110
0000011101010011100100100100010
0000011101010011100100100101010
0000011101010011100100100101011
0000011101010011100100101101010
0000011101010011100101100100010
0000011101010011100101100101010
0000011101010011100101101100010
0000011101010011101000000001000
0000011101010011101000000001010
0000011101010011101000000001100
0000011101010011101000000001110
0000011101010011101000000101000
0000011101010011101000000101010
0000011101010011101000100001000
0000011101010011101000100001010
0000011101010011101000100001110
0000011101010011101000100100010
0000011101010011101000100101000
0000011101010011101000100101010
0000011101010011101000100101110
0000011101010011101000100111010
0000011101010011101000110101000
0000011101010011101010100101010
0000011101010011101010100111010
0000011101010011101100000001010
0000011101010011101100000001110
0000011101010011101100000100010
0000011101010011101100000101000
0000011101010011101100000101010
0000011101010011101100000101110
0000011101010011101100000111010
0000011101010011101100100000110
0000011101010011101100100001010
0000011101010011101100100001100
0000011101010011101100100001110
0000011101010011101100100011110
0000011101010011101100100100000
0000011101010011101100100100010
0000011101010011101100100100011
0000011101010011101100100101000
0000011101010011101100100101010
0000011101010011101100100101011
0000011101010011101100100101110
0000011101010011101100100110010
0000011101010011101100100111000
0000011101010011101100100111010
0000011101010011101100101100010
0000011101010011101100101101010
0000011101010011101100101101011
0000011101010011101100110101000
0000011101010011101100110101010
0000011101010011101100110111000
0000011101010011101100110111010
0000011101010011101101100100010
0000011101010011101101100101010
0000011101010011101101101100010
0000011101010011101101101100011
0000011101010011101101101101010
0000011101010011101110000101010
0000011101010011101110100001110
0000011101010011101110100100010
0000011101010011101110100101000
0000011101010011101110100101010
0000011101010011101110100110010
0000011101010011101110100111000
0000011101010011101110100111010
0000011101010011101110101100010
0000011101010011101110110101000
0000011101010011101110110101010
0000011101010011101110110111000
0000011101010011101110110111010
0000011101010011111000100101010
0000011101010011111100000101010
0000011101010011111100100001110
0000011101010011111100100100010
0000011101010011111100100100011
0000011101010011111100100101000
0000011101010011111100100101010
0000011101010011111100100101011
0000011101010011111100100111000
0000011101010011111100101100010
0000011101010011111100110101000
0000011101010011111100110101010
0000011101010011111100110111010
0000011101010011111110100100010
0000011101010011111110100101000
0000011101010011111110100101010
0000011101010011111110100111000
0000011101010011111110100111010
0000011101010011111110110101010
0000011101010011111110110111000
0000011101010011111110110111010
0000011101010101111100100101000
0000011101010111001000000001000
0000011101010111001000000001010
0000011101010111001000000001110
0000011101010111001000000101000
0000011101010111001000000101010
0000011101010111001000000111010
0000011101010111001000010101000
0000011101010111001000100001010
0000011101010111001000100001110
0000011101010111001000100101010
0000011101010111001100000001000
0000011101010111001100000001010
0000011101010111001100000001110
0000011101010111001100000101000
0000011101010111001100000101010
0000011101010111001100000101110
0000011101010111001100000111010
0000011101010111001100100001010
0000011101010111001100100001100
0000011101010111001100100001110
0000011101010111001100100011110
0000011101010111001100100100010
0000011101010111001100100101000
0000011101010111001100100101010
0000011101010111001100100101110
0000011101010111001100100111010
0000011101010111001100101100010
0000011101010111001100110101000
0000011101010111001100110101010
0000011101010111001100110111010
0000011101010111001110000101010
0000011101010111001110100001110
0000011101010111001110100101010
0000011101010111001110100111010
0000011101010111001110110111010
0000011101010111011100100101010
0000011101010111011110100101010
0000011101010111101000000001010
0000011101010111101000000101000
0000011101010111101000000101010
0000011101010111101000100001000
0000011101010111101000100001010
0000011101010111101000100101000
0000011101010111101000100101010
0000011101010111101000100111010
0000011101010111101100000001000
0000011101010111101100000001010
0000011101010111101100000101000
0000011101010111101100000101010
0000011101010111101100000101110
0000011101010111101100100001000
0000011101010111101100100001010
0000011101010111101100100001100
0000011101010111101100100001110
0000011101010111101100100011010
0000011101010111101100100011110
0000011101010111101100100100010
0000011101010111101100100101000
0000011101010111101100100101010
0000011101010111101100100101110
0000011101010111101100100111000
0000011101010111101100100111010
0000011101010111101100101100010
0000011101010111101100110101000
0000011101010111101100110101010
0000011101010111101100110111000
0000011101010111101100110111010
0000011101010111101110100101000
0000011101010111101110100101010
0000011101010111101110100111000
0000011101010111101110100111010
0000011101010111101110110101000
0000011101010111101110110111000
0000011101010111101110110111010
0000011101010111111100100101000
0000011101010111111100100101010
0000011101010111111110100101000
0000011101010111111110100101010
0000011101010111111110100111000
0000011101011010100100100101010
0000011101011010100101100001010
0000011101011010100101100101010
0000011101011010101100100101010
0000011101011010101100101100010
0000011101011010101100101101010
0000011101011011000000000001010
0000011101011011000100100101010
0000011101011011100000000001010
0000011101011011100000100001010
0000011101011011100000100101010
0000011101011011100100000101010
0000011101011011100100100001010
0000011101011011100100100100010
0000011101011011100100100101000
0000011101011011100100100101010
0000011101011011100100100111010
0000011101011011100100101101010
0000011101011011100101100100010
0000011101011011100101100101010
0000011101011011100110100101010
0000011101011011101000100101010
0000011101011011101100100001010
0000011101011011101100100100010
0000011101011011101100100101010
0000011101011011101100101001010
0000011101011011101100101100010
0000011101011011101100101101010
0000011101011011101100101101011
0000011101011011101101100100010
0000011101011011101101100101010
0000011101011011101101101100010
0000011101011011110100100101010
0000011101011110100101100001010
0000011101011111000100000001010
0000011101011111000100000101010
0000011101011111000100100001010
0000011101011111000100100101010
0000011101011111001100100001010
0000011101011111001100100101010
0000011101011111001100101101010
0000011101011111100100100001000
0000011101011111100100100001010
0000011101011111100100100101010
0000011101011111101100100001010
0000011101011111101100100101010
0100011101010001111100100101000
0100011101010001111100100111010
1000011101010010100100100101010
1000011101010010101100100101010
1000011101010010101101100101010
1000011101010011001000000001010
1000011101010011001000000001110
1000011101010011001000000101010
1000011101010011001000000101110
1000011101010011001000100001010
1000011101010011001000100001110
1000011101010011001000100101110
1000011101010011001100100101110
0100011101010011001100100101000
1000011101010011101000000001110
1000011101010011101000000101010
1000011101010011101000000101110
1000011101010011101000100001010
1000011101010011101000100001110
1000011101010011101000100101010
1000011101010011101000100101110
1000011101010011101100000001010
1000011101010011101100000001110
1000011101010011101100000101010
1000011101010011101100000101110
1000011101010011101100100001010
1000011101010011101100100001110
1000011101010011101100100101010
1000011101010011101100100101110
0100011101010011101100000101010
0100011101010011101100100001010
0100011101010011101100100001110
0100011101010011101100100011110
0100011101010011101100100100010
0100011101010011101100100101000
0100011101010011101100100101010
0100011101010011101100100111000
0100011101010011101100100111010
0100011101010011101100110101000
0100011101010011101100110101010
0100011101010011101100110111000
0100011101010011101100110111010
0100011101010011101110100101000
0100011101010011101110100101010
0100011101010011101110100111010
0100011101010011101110110101000
0100011101010011101110110111000
0100011101010011101110110111010
0100011101010011111100100101000
0100011101010011111100100101010
0100011101010011111100100111010
0100011101010011111100110111000
0100011101010011111100110111010
0100011101010011111110100101000
0100011101010011111110100101010
0100011101010011111110100111000
0100011101010111001000000101000
0100011101010111001000000101010
1000011101010111001000000001110
1000011101010111001000000101010
1000011101010111001000100101110
0100011101010111001100100001100
0100011101010111001100100101000
0100011101010111001100100101010
0100011101010111001100100111010
0100011101010111001100110101000
1000011101010111001100000001010
1000011101010111001100000001110
1000011101010111001100000101010
1000011101010111001100000101110
0100011101010111001110100101000
1000011101010111001100100001010
1000011101010111001100100001110
1000011101010111001100100101010
1000011101010111001100100101110
1000011101010111101000100001010
0100011101010111101000000001010
0100011101010111101000000101010
0100011101010111101000100001000
0100011101010111101000100001010
0100011101010111101000100101000
0100011101010111101000100101010
0100011101010111101000110001000
0100011101010111101000110101000
1000011101010111101100000001110
1000011101010111101100000101010
1000011101010111101100100001000
1000011101010111101100100001010
1000011101010111101100100001110
0100011101010111101100000101010
0100011101010111101100000101010
1000011101010111101100100101100
0100011101010111101100010001000
0100011101010111101100010001000
1000011101010111101100100101110
0100011101010111101100100001000
0100011101010111101100100001010
0100011101010111101100100001100
0100011101010111101100100001110
0100011101010111101100100011000
0100011101010111101100100011010
0100011101010111101100100101000
0100011101010111101100100101010
0100011101010111101100100111000
0100011101010111101100100111010
0100011101010111101100110001000
0100011101010111101100110001100
0100011101010111101100110011010
0100011101010111101100110101000
0100011101010111101100110111000
0100011101010111101100110111010
0100011101010111101110100001000
0100011101010111101110100001100
0100011101010111101110100101000
0100011101010111101110100111010
0100011101010111111100100101000
0100011101010111111110100001000
0100011101010111111110100101000
1000011101011010100100100101010
1000011101011010100101100001010
1000011101011010100101100101010
1000011101011010101100100001010
1000011101011010101100100101010
1000011101011011000000000101010
1000011101011011001000000101010
1000011101011011001000000101110
1000011101011011001000001101010
1000011101011011001000001101110
1000011101011011001000100101110
1000011101011011001000101101110
1000011101011011001100100101110
1000011101011011001100101101110
1000011101011011100000100101010
1000011101011011100100100001010
1000011101011011100100100101010
1000011101011011101000100101010
1000011101011011101000100101110
1000011101011011101000101101010
1000011101011011101000101101110
0100011101011011100100100101010
1000011101011011101100000101110
1000011101011011101100001101110
1000011101011011101100100001010
1000011101011011101100100100010
1000011101011011101100100101010
1000011101011011101100100101110
1000011101011011101100101000010
1000011101011011101100101001010
1000011101011011101100101100010
1000011101011011101100101101010
1000011101011011101100101101110
1000011101011011101101101000010
1000011101011011101101101100010
1000011101011111001100000101110
1000011101011111001100001101110
1000011101011111001100100001110
1000011101011111001100100101110
1000011101011111001100101001110
1000011101011111001100101101110
1000011101011111100100100001010
0100011101011111100100100001000
1000011101011111101100100001010
1000011101011111101100101001010
0000011101110011001000000101010
0000011101110011001000100001010
0000011101110011001100000001010
0000011101110011001100000101010
0000011101110011001100000101110
0000011101110011001100100101010
0000011101110011101000000001010
0000011101110011101000000101010
0000011101110011101000000111010
0000011101110011101000100001010
0000011101110011101000100101010
0000011101110011101100000101000
0000011101110011101100000101010
0000011101110011101100000111000
0000011101110011101100000111010
0000011101110011101100100001010
0000011101110011101100100001110
0000011101110011101100100101000
0000011101110011101100100101010
0000011101110011101100100111000
0000011101110011101100100111010
0000011101110011101100110101000
0000011101110011101100110111010
0000011101110011101110010111000
0000011101110011101110100111010
0000011101110011101110110111000
0000011101110111001000000101010
0000011101110111001000100101010
0000011101110111001100000101010
0000011101110111001100100101010
0000011101110111001100100111010
0000011101110111101100000001010
0000011101110111101100000011010
0000011101110111101100000101010
0000011101110111101100000101110
0000011101110111101100100001010
0000011101110111101100100001110
0000011101110111101100100101010
0000011101110111101100100111010
0000011101110111101110100111010
0100011101110011001100000111010
0100011101110011001100100101000
0100011101110011001100100101010
0100011101110011001100100111010
0100011101110011001110100111010
0100011101110011101100000101000
0100011101110011101100000101010
0100011101110011101100000111010
0100011101110011101100100101000
0100011101110011101100100101010
0100011101110011101100100111010
0100011101110011101100110101000
1000011101110111101100000001110
1000011101110111101100000101010
1000011101110111101100100001010
0100011101110111101100000001000
0100011101110111101100000001010
0100011101110111101100000011010
0100011101110111101100000111010
0100011101110111101100010001000
0100011101110111101100010011010
0100011101110111101100100001110
0100011101110111101100100011110
0100011101110111101100100101000
0100011101110111101100100101010
0100011101110111101100100111010
0100011101110111101100110101000
0100011101110111101100110111010
0100011101110111101110000011010
0100011101110111101110100011110
0100011101110111101110100111010
0000011111000001101110100101010
0000011111000001111100100101010
0000011111000011101100100101010
0000011111000011101110100101010
0000011111000011101110100111010
0000011111000011101110110101010
0000011111001001111100101101010
0000011111010001101100100100010
0000011111010001101100100101010
0000011111010001101100100111010
0000011111010001101110100101010
0000011111010001101110100111010
0000011111010001101110110101010
0000011111010001101110110111000
0000011111010001111100100101000
0000011111010001111100100101010
0000011111010011101100100100010
0000011111010011101100100101010
0000011111010011101100100111010
0000011111010011101100101100010
0000011111010011101110100100010
0000011111010011101110100101000
0000011111010011101110100101010
0000011111010011101110100111010
0000011111010011101110101100010
0000011111010011101110110101010
0000011111010011101110110111000
0000011111010011101110110111010
0000011111010011111100100100010
0000011111010011111100100101000
0000011111010011111100100101010
0000011111010011111110100101010
0000011111010011111110110101010
0000011111010101001100100101010
0000011111010101101100100101010
0000011111010111001110100101010
0000011111010111101100100101010
0000011111010111101110100101010
0000011111010111101110110111010
0000011111010111111100100101000
0000011111010111111100100101010
0000011111011000100101100101010
0000011111011001100100100101010
0000011111011001101100101101010
0000011111011010100101100101010
0000011111011010100111100101010
0000011111011010101110101100010
0000011111011010110101100101010
0000011111011011101100101101010
0000011111011011101110101101010
0000011111011011111100101101010
0100011111010011101100100111010
0100011111010011101110100101010
1000011111011011111100101101010
